7,1,204~7,4,204
9,4,129~9,6,129
5,1,114~5,3,114
5,8,232~8,8,232
7,4,132~9,4,132
0,7,218~0,8,218
6,7,197~6,9,197
1,5,2~2,5,2
2,9,320~3,9,320
0,0,288~3,0,288
2,0,158~5,0,158
8,0,195~8,1,195
3,1,162~4,1,162
8,8,13~8,9,13
6,2,3~6,3,3
5,6,230~5,8,230
3,8,83~3,8,83
1,8,139~3,8,139
2,3,227~2,5,227
8,3,144~8,3,147
7,0,69~7,2,69
5,4,254~5,6,254
0,3,97~0,3,99
3,3,118~4,3,118
0,6,302~0,8,302
7,2,36~9,2,36
2,2,194~4,2,194
0,0,25~0,1,25
4,2,184~6,2,184
2,4,114~3,4,114
4,0,176~4,3,176
0,0,164~2,0,164
0,7,308~3,7,308
3,6,152~6,6,152
3,8,296~3,8,297
0,8,61~1,8,61
1,1,241~4,1,241
3,0,219~5,0,219
3,0,222~3,0,224
1,0,18~3,0,18
5,1,96~5,2,96
8,5,309~8,7,309
6,7,288~8,7,288
4,8,199~7,8,199
9,1,190~9,3,190
3,6,193~6,6,193
1,7,264~2,7,264
2,6,83~2,6,83
3,9,191~5,9,191
9,0,224~9,3,224
1,9,168~2,9,168
0,1,170~0,4,170
1,5,79~1,5,81
2,1,272~2,3,272
6,1,176~6,4,176
2,6,194~3,6,194
8,9,160~8,9,161
2,1,261~2,4,261
6,6,321~7,6,321
2,7,136~2,9,136
6,3,139~6,4,139
4,4,105~4,4,107
4,7,136~6,7,136
6,1,14~6,3,14
1,1,148~2,1,148
9,9,301~9,9,303
2,5,194~5,5,194
1,5,97~1,6,97
2,0,287~2,2,287
4,9,160~6,9,160
2,3,151~2,3,151
2,5,129~2,7,129
8,8,175~9,8,175
1,2,272~1,4,272
6,8,143~9,8,143
3,5,58~3,5,59
0,1,266~0,3,266
4,9,2~6,9,2
7,5,47~7,7,47
9,5,138~9,8,138
6,9,155~8,9,155
4,0,27~6,0,27
3,0,112~6,0,112
6,4,198~6,4,200
9,7,252~9,8,252
2,3,85~2,6,85
6,0,237~6,1,237
3,8,246~6,8,246
0,3,262~2,3,262
0,4,258~2,4,258
1,7,22~1,8,22
7,6,286~7,8,286
4,4,24~4,6,24
7,3,307~7,6,307
0,4,80~3,4,80
3,1,130~6,1,130
6,3,323~8,3,323
6,7,230~8,7,230
4,2,45~6,2,45
6,4,52~6,4,54
6,6,276~8,6,276
7,3,252~7,4,252
5,0,14~5,0,17
8,2,60~8,5,60
3,0,294~5,0,294
6,0,79~6,3,79
3,0,81~3,0,83
6,4,214~6,5,214
9,3,154~9,5,154
1,3,192~1,3,194
5,6,141~8,6,141
7,9,18~9,9,18
8,0,212~8,2,212
9,6,249~9,8,249
7,2,209~9,2,209
1,5,23~1,7,23
5,0,272~5,2,272
1,5,237~1,7,237
3,1,18~6,1,18
6,4,315~6,7,315
4,0,256~6,0,256
7,3,6~7,3,7
9,7,310~9,8,310
1,0,213~4,0,213
7,5,117~7,8,117
6,9,97~7,9,97
1,6,334~1,9,334
8,4,17~8,5,17
2,4,5~2,6,5
0,0,22~0,2,22
6,5,103~6,7,103
8,2,20~9,2,20
6,6,240~6,8,240
0,0,290~3,0,290
0,6,92~2,6,92
2,7,132~2,9,132
6,5,205~7,5,205
2,5,166~2,7,166
8,5,53~8,7,53
3,8,178~6,8,178
1,3,315~3,3,315
2,5,31~5,5,31
6,7,74~6,8,74
0,6,320~3,6,320
6,2,134~6,4,134
8,0,243~8,0,245
3,5,130~5,5,130
1,1,31~1,2,31
2,1,323~4,1,323
3,5,52~3,8,52
1,1,93~3,1,93
7,0,1~9,0,1
7,2,294~8,2,294
2,0,211~2,1,211
5,5,292~8,5,292
3,4,92~3,4,94
7,3,53~7,5,53
9,4,214~9,5,214
0,2,108~2,2,108
1,1,123~1,3,123
1,3,42~1,6,42
6,2,222~8,2,222
5,8,227~8,8,227
6,4,59~9,4,59
7,1,267~7,4,267
5,3,141~5,4,141
2,4,267~4,4,267
4,5,106~6,5,106
0,0,116~2,0,116
8,3,161~8,6,161
5,6,298~7,6,298
5,3,37~5,3,39
4,3,244~6,3,244
4,7,89~6,7,89
2,5,73~4,5,73
7,0,268~7,2,268
7,2,144~9,2,144
0,2,86~0,5,86
8,3,1~8,3,3
9,5,215~9,7,215
1,3,294~3,3,294
3,4,257~3,4,259
3,9,158~6,9,158
7,4,257~7,4,259
4,2,337~7,2,337
5,0,218~5,1,218
7,3,268~9,3,268
6,4,41~6,6,41
6,0,196~6,2,196
2,3,317~4,3,317
2,1,182~2,3,182
4,7,222~7,7,222
4,6,322~4,9,322
2,7,321~2,8,321
4,2,206~5,2,206
0,6,90~3,6,90
4,1,104~4,3,104
5,0,182~6,0,182
4,8,70~7,8,70
8,2,64~8,4,64
0,4,242~3,4,242
0,7,3~0,9,3
6,5,151~9,5,151
5,8,288~7,8,288
1,1,47~4,1,47
2,4,164~4,4,164
2,4,268~4,4,268
7,4,173~9,4,173
0,0,3~0,0,5
4,4,322~8,4,322
6,3,8~7,3,8
7,7,142~9,7,142
3,4,168~5,4,168
9,1,182~9,4,182
6,5,261~9,5,261
3,0,293~4,0,293
5,5,2~5,5,3
6,5,72~6,9,72
4,3,301~5,3,301
5,8,67~8,8,67
3,7,185~6,7,185
3,2,56~3,2,58
8,8,40~9,8,40
7,4,86~7,7,86
7,1,143~7,2,143
0,6,324~0,8,324
1,0,210~3,0,210
9,0,89~9,2,89
4,3,299~7,3,299
4,3,46~4,7,46
4,3,75~4,5,75
7,2,255~7,4,255
0,8,150~2,8,150
4,3,55~7,3,55
2,2,249~4,2,249
1,5,132~1,6,132
2,2,116~2,4,116
2,6,308~5,6,308
4,5,52~6,5,52
0,5,70~0,7,70
9,6,301~9,6,301
1,5,126~5,5,126
3,2,153~4,2,153
0,7,263~0,8,263
5,3,319~8,3,319
6,3,173~9,3,173
2,4,50~3,4,50
2,1,14~4,1,14
9,6,4~9,9,4
3,5,69~3,7,69
4,2,20~4,5,20
1,4,76~1,7,76
3,4,221~4,4,221
0,3,249~0,5,249
1,8,202~1,9,202
3,5,290~3,8,290
1,1,318~4,1,318
7,6,255~8,6,255
4,6,51~4,6,53
7,0,210~7,1,210
3,4,186~3,4,188
8,0,272~8,2,272
4,3,150~4,5,150
1,2,229~1,3,229
0,5,198~0,7,198
3,7,171~3,9,171
9,7,247~9,9,247
5,6,62~5,9,62
8,0,129~8,1,129
2,6,254~2,7,254
1,6,147~1,9,147
2,9,329~5,9,329
7,5,140~9,5,140
3,1,335~3,3,335
0,5,87~0,5,87
1,8,222~2,8,222
1,1,273~1,3,273
3,3,51~3,5,51
2,7,343~4,7,343
7,5,145~9,5,145
7,3,188~7,4,188
2,8,319~4,8,319
3,7,332~5,7,332
4,3,138~6,3,138
3,4,311~3,6,311
6,9,296~7,9,296
1,0,282~3,0,282
0,5,200~0,7,200
5,7,55~7,7,55
0,9,86~2,9,86
7,2,185~7,4,185
4,1,304~6,1,304
0,0,167~0,2,167
6,4,266~6,7,266
2,5,317~4,5,317
6,6,225~6,7,225
5,2,103~5,3,103
5,2,269~5,4,269
0,4,318~3,4,318
2,3,223~5,3,223
6,8,339~8,8,339
3,4,248~3,5,248
4,1,8~6,1,8
5,5,32~5,5,35
3,5,102~3,8,102
6,9,1~8,9,1
5,5,172~7,5,172
6,7,91~6,9,91
6,2,92~6,5,92
2,5,38~2,7,38
4,7,260~4,9,260
1,1,127~1,1,129
7,5,54~7,5,56
6,2,131~6,3,131
5,2,293~7,2,293
8,3,17~9,3,17
0,8,235~2,8,235
0,6,65~0,6,67
4,0,252~4,3,252
1,5,204~5,5,204
9,1,227~9,4,227
6,3,82~6,4,82
1,7,297~1,9,297
9,0,242~9,1,242
8,0,141~8,1,141
8,1,104~8,2,104
4,4,241~4,6,241
4,3,149~4,5,149
7,7,224~7,9,224
1,0,232~1,2,232
4,5,107~6,5,107
3,9,257~6,9,257
5,1,42~5,4,42
2,8,219~4,8,219
4,1,197~5,1,197
2,3,269~2,5,269
1,5,13~3,5,13
8,5,290~9,5,290
6,6,61~8,6,61
2,7,270~3,7,270
1,5,257~1,7,257
3,4,189~3,7,189
7,4,122~7,8,122
4,3,329~4,5,329
4,2,141~7,2,141
7,1,134~7,2,134
1,9,6~3,9,6
7,2,320~9,2,320
7,1,207~7,2,207
5,8,274~6,8,274
1,6,252~4,6,252
2,8,81~3,8,81
5,4,309~5,6,309
7,2,221~7,2,221
3,1,53~5,1,53
1,2,163~3,2,163
7,9,144~9,9,144
2,1,71~2,4,71
2,7,295~2,9,295
3,3,56~5,3,56
3,3,70~3,4,70
8,3,336~8,5,336
8,4,236~8,6,236
6,7,77~8,7,77
3,7,112~6,7,112
6,5,141~8,5,141
5,6,82~5,8,82
5,7,248~5,7,251
7,4,164~8,4,164
1,1,166~1,3,166
1,8,5~1,9,5
4,1,306~4,3,306
6,5,8~6,5,10
1,3,52~4,3,52
1,0,93~5,0,93
5,9,92~6,9,92
1,3,129~1,6,129
7,3,72~9,3,72
7,7,104~7,7,104
4,6,201~4,9,201
4,6,169~4,7,169
8,1,28~8,1,28
1,4,206~1,6,206
8,1,84~8,3,84
3,1,278~3,3,278
3,2,200~3,4,200
1,0,285~2,0,285
3,8,54~5,8,54
4,4,77~4,7,77
6,1,295~6,4,295
1,3,336~1,6,336
0,5,195~2,5,195
6,1,62~6,5,62
5,6,154~5,6,157
5,7,4~5,7,7
6,3,298~8,3,298
3,4,22~5,4,22
3,5,159~3,7,159
4,2,94~4,4,94
8,0,199~8,2,199
2,7,265~2,9,265
0,5,314~0,5,315
2,4,206~2,7,206
2,2,235~5,2,235
1,2,119~3,2,119
1,6,70~3,6,70
0,2,19~2,2,19
4,6,175~4,9,175
8,8,160~8,8,160
3,2,161~3,4,161
5,0,71~5,1,71
3,7,163~3,9,163
4,3,98~4,6,98
3,3,6~3,5,6
6,9,280~7,9,280
9,0,2~9,0,4
3,6,333~3,6,334
1,7,209~3,7,209
6,0,253~6,4,253
6,5,159~8,5,159
1,1,30~1,2,30
2,9,144~4,9,144
5,0,90~5,2,90
7,8,228~7,8,230
0,1,169~0,3,169
1,6,73~1,6,75
4,3,3~4,6,3
1,8,142~3,8,142
5,0,180~5,3,180
5,8,326~7,8,326
0,5,66~3,5,66
5,9,100~7,9,100
3,7,295~3,8,295
0,1,321~0,2,321
4,6,187~4,9,187
9,2,200~9,4,200
8,2,308~8,3,308
7,8,173~9,8,173
5,8,1~8,8,1
3,2,203~5,2,203
0,5,303~0,7,303
2,4,185~5,4,185
0,0,186~3,0,186
8,3,15~8,4,15
2,6,301~2,9,301
3,4,151~5,4,151
7,7,247~7,9,247
7,3,17~7,4,17
2,5,87~2,7,87
9,7,14~9,7,16
5,0,115~8,0,115
8,6,1~8,6,1
5,1,52~5,2,52
8,1,93~8,3,93
6,7,109~8,7,109
4,5,114~4,8,114
9,3,338~9,5,338
5,6,80~8,6,80
9,4,78~9,6,78
1,5,95~1,7,95
0,2,320~0,4,320
2,6,287~5,6,287
5,4,303~5,5,303
7,0,167~8,0,167
8,7,56~8,9,56
6,3,133~6,5,133
6,5,202~9,5,202
0,3,28~3,3,28
0,5,266~0,8,266
1,4,173~2,4,173
8,0,230~8,2,230
4,6,253~5,6,253
4,2,175~4,4,175
5,6,247~7,6,247
3,6,106~6,6,106
9,6,298~9,8,298
3,6,21~3,8,21
5,2,339~5,4,339
6,6,135~6,8,135
0,4,264~2,4,264
6,4,172~8,4,172
3,6,317~3,9,317
7,5,126~7,7,126
7,7,127~9,7,127
5,0,244~5,1,244
4,2,48~6,2,48
4,3,100~5,3,100
5,1,140~8,1,140
7,3,3~7,3,4
3,2,4~3,4,4
2,2,36~4,2,36
2,0,201~2,3,201
5,6,42~7,6,42
9,0,339~9,4,339
2,9,63~5,9,63
7,0,5~7,0,5
6,0,194~8,0,194
5,2,105~5,3,105
9,6,116~9,8,116
2,8,181~4,8,181
2,6,289~2,8,289
1,3,101~4,3,101
4,6,149~7,6,149
1,4,144~1,7,144
4,0,146~4,2,146
2,6,72~2,9,72
0,6,29~0,7,29
4,7,129~4,7,129
6,6,284~6,8,284
6,7,123~8,7,123
1,4,254~1,6,254
7,4,260~7,4,262
2,9,172~4,9,172
2,2,317~5,2,317
3,1,194~5,1,194
0,1,29~0,4,29
0,7,9~0,9,9
4,1,210~4,1,213
3,7,164~5,7,164
5,3,81~8,3,81
6,9,202~7,9,202
0,9,166~2,9,166
2,2,195~2,4,195
7,2,28~9,2,28
3,6,113~3,7,113
9,1,3~9,4,3
1,2,106~1,4,106
8,3,189~8,5,189
1,4,154~5,4,154
0,3,143~2,3,143
3,0,39~3,3,39
0,5,312~2,5,312
9,3,77~9,3,78
5,6,214~5,9,214
5,3,224~5,4,224
4,7,121~4,7,123
4,5,157~4,6,157
3,3,32~5,3,32
4,1,133~4,2,133
1,5,16~1,7,16
5,5,201~5,7,201
3,6,305~3,7,305
8,1,157~8,2,157
2,2,115~2,4,115
8,1,219~8,1,220
0,2,198~3,2,198
2,2,320~3,2,320
1,9,228~3,9,228
3,1,289~6,1,289
2,8,11~4,8,11
7,0,274~9,0,274
7,0,26~8,0,26
7,5,317~7,8,317
9,4,80~9,8,80
1,9,64~3,9,64
6,0,129~6,2,129
5,0,240~5,1,240
9,3,134~9,4,134
7,9,145~7,9,147
2,3,34~4,3,34
7,2,194~7,5,194
0,5,323~0,6,323
3,8,165~3,9,165
3,6,22~3,9,22
2,7,196~2,9,196
5,6,278~7,6,278
9,9,145~9,9,147
0,5,69~0,7,69
2,0,326~2,1,326
6,5,147~6,8,147
7,6,201~9,6,201
0,4,135~2,4,135
1,7,155~1,7,157
6,3,34~6,5,34
1,3,173~3,3,173
2,1,277~2,2,277
0,0,117~2,0,117
7,1,226~9,1,226
8,6,205~8,8,205
8,8,163~9,8,163
4,3,275~4,3,277
4,5,28~6,5,28
3,4,261~3,7,261
7,4,94~9,4,94
8,6,64~8,8,64
6,3,188~6,3,190
8,4,301~8,6,301
1,7,159~1,8,159
4,3,206~6,3,206
5,3,205~5,5,205
6,5,289~9,5,289
3,7,132~7,7,132
5,2,49~5,3,49
1,5,128~3,5,128
2,0,251~2,3,251
3,0,78~5,0,78
5,6,59~6,6,59
3,1,312~3,4,312
1,0,161~2,0,161
2,8,105~2,9,105
2,3,238~2,6,238
8,3,142~8,5,142
8,2,271~8,3,271
7,7,106~7,8,106
3,0,114~3,3,114
2,8,160~5,8,160
0,8,200~2,8,200
2,5,292~4,5,292
2,0,2~2,3,2
7,1,162~8,1,162
5,7,316~7,7,316
8,7,129~8,8,129
1,5,39~1,7,39
8,6,314~9,6,314
8,4,178~8,7,178
5,2,93~7,2,93
4,5,35~4,8,35
7,5,6~7,6,6
2,8,233~5,8,233
3,2,25~3,5,25
6,4,102~9,4,102
7,8,159~8,8,159
8,0,118~8,1,118
1,3,137~3,3,137
0,5,99~0,8,99
7,4,118~7,7,118
0,7,203~0,7,205
2,0,17~2,2,17
7,5,63~7,8,63
6,0,213~7,0,213
8,5,10~8,8,10
6,7,52~6,9,52
6,6,12~7,6,12
8,5,18~9,5,18
1,7,4~1,8,4
4,9,65~4,9,65
5,8,325~5,9,325
1,3,170~1,3,172
8,2,92~8,5,92
1,0,94~1,1,94
1,1,244~1,2,244
5,5,127~5,7,127
7,6,279~7,6,280
2,7,118~5,7,118
3,7,247~3,9,247
7,7,91~7,7,93
0,4,188~2,4,188
3,7,210~5,7,210
2,9,83~2,9,85
2,2,131~2,5,131
9,3,185~9,3,186
2,0,74~2,2,74
6,4,207~6,4,207
2,8,99~3,8,99
9,3,326~9,5,326
1,4,24~1,6,24
7,3,336~7,3,339
3,5,329~3,8,329
3,5,97~5,5,97
0,4,114~0,5,114
5,4,246~7,4,246
4,0,189~4,2,189
0,8,172~3,8,172
0,0,202~2,0,202
6,0,138~6,2,138
6,3,305~8,3,305
1,2,146~1,3,146
5,2,319~7,2,319
4,7,217~4,8,217
2,0,271~2,2,271
6,4,182~6,6,182
9,1,221~9,3,221
9,0,230~9,3,230
8,0,227~9,0,227
3,8,9~5,8,9
7,2,132~7,3,132
1,7,313~3,7,313
8,5,1~9,5,1
7,3,143~7,5,143
8,1,175~9,1,175
7,8,95~8,8,95
5,0,198~7,0,198
3,3,274~5,3,274
5,9,50~7,9,50
1,5,11~3,5,11
7,4,74~9,4,74
7,7,8~9,7,8
4,6,346~4,8,346
2,7,169~2,7,172
0,6,259~2,6,259
7,0,191~7,2,191
2,4,77~2,6,77
5,8,2~5,8,2
1,0,21~3,0,21
5,1,283~5,4,283
3,6,57~3,8,57
0,3,81~0,5,81
5,4,302~5,5,302
5,6,183~7,6,183
0,8,6~3,8,6
7,1,146~7,1,147
1,4,148~1,6,148
5,1,212~7,1,212
1,3,274~1,6,274
2,5,237~2,7,237
7,3,93~7,5,93
6,1,183~9,1,183
2,4,76~2,5,76
0,6,55~4,6,55
0,6,207~1,6,207
1,1,41~3,1,41
2,2,5~4,2,5
5,1,84~5,4,84
4,6,7~5,6,7
2,5,91~2,7,91
2,7,271~2,9,271
7,8,90~9,8,90
9,4,215~9,4,217
5,4,138~5,5,138
2,0,44~2,1,44
3,1,208~3,3,208
3,0,281~3,2,281
7,6,88~7,9,88
6,0,240~9,0,240
3,5,173~5,5,173
7,5,199~7,6,199
2,3,58~3,3,58
4,0,6~4,2,6
1,4,271~2,4,271
2,1,153~5,1,153
6,6,138~7,6,138
1,6,49~2,6,49
7,4,305~8,4,305
3,1,193~3,3,193
5,0,148~7,0,148
2,5,271~3,5,271
6,4,296~8,4,296
1,8,332~3,8,332
9,6,141~9,9,141
0,8,28~1,8,28
6,4,90~8,4,90
1,3,5~2,3,5
7,0,23~7,1,23
1,4,170~3,4,170
0,7,11~0,7,13
4,5,154~6,5,154
2,4,169~3,4,169
3,6,262~5,6,262
4,6,99~4,6,102
9,3,137~9,3,139
1,6,150~2,6,150
5,8,201~6,8,201
5,0,319~5,0,320
5,6,233~8,6,233
7,8,115~9,8,115
4,0,30~5,0,30
5,8,186~7,8,186
2,4,229~2,6,229
9,3,177~9,6,177
4,5,128~4,7,128
8,0,124~8,2,124
5,7,9~6,7,9
3,6,267~3,9,267
1,0,208~1,2,208
6,6,60~9,6,60
4,5,286~6,5,286
0,7,34~0,9,34
0,8,299~2,8,299
8,4,31~8,4,32
1,0,244~3,0,244
7,3,247~7,5,247
8,3,263~8,5,263
7,8,125~8,8,125
4,8,137~4,9,137
3,7,92~5,7,92
5,0,200~7,0,200
1,3,9~2,3,9
0,2,204~0,3,204
3,6,236~3,9,236
2,2,181~5,2,181
4,4,37~6,4,37
3,2,21~5,2,21
4,4,109~6,4,109
4,1,186~6,1,186
7,1,20~7,4,20
1,5,37~4,5,37
8,2,185~8,4,185
3,5,192~3,8,192
6,2,317~6,4,317
9,1,278~9,1,280
1,2,40~4,2,40
3,3,29~6,3,29
0,6,137~0,7,137
9,0,161~9,1,161
4,5,132~4,5,132
4,5,296~4,7,296
6,9,199~6,9,200
5,6,4~8,6,4
6,5,104~9,5,104
2,2,270~5,2,270
0,3,253~0,5,253
0,2,84~0,4,84
6,4,210~6,4,212
1,5,208~2,5,208
5,5,134~5,7,134
8,1,159~8,2,159
4,1,286~6,1,286
4,1,191~6,1,191
1,3,327~4,3,327
1,8,124~4,8,124
0,2,94~0,4,94
7,5,188~9,5,188
6,1,75~6,3,75
1,4,315~3,4,315
8,8,16~9,8,16
2,4,68~4,4,68
7,5,66~7,6,66
9,7,300~9,9,300
3,2,108~3,3,108
2,0,48~4,0,48
4,7,335~4,8,335
1,3,227~1,5,227
2,2,85~2,2,86
7,2,340~9,2,340
1,5,3~1,7,3
5,7,243~6,7,243
6,1,177~6,3,177
3,0,276~5,0,276
5,6,305~8,6,305
5,2,188~7,2,188
9,6,125~9,6,127
5,6,275~8,6,275
7,1,325~9,1,325
5,6,198~5,6,199
6,4,87~7,4,87
4,7,171~5,7,171
5,7,84~8,7,84
6,8,55~8,8,55
7,2,184~7,4,184
5,5,295~5,7,295
4,6,8~6,6,8
5,2,247~5,4,247
2,7,151~6,7,151
1,0,192~1,2,192
5,2,77~7,2,77
4,8,115~6,8,115
4,0,3~4,2,3
5,0,215~6,0,215
2,0,30~2,2,30
0,6,332~3,6,332
0,0,240~1,0,240
0,5,162~2,5,162
3,2,252~3,2,256
9,5,134~9,5,136
0,0,27~1,0,27
2,0,149~2,3,149
4,9,48~6,9,48
3,2,113~5,2,113
3,6,122~3,9,122
5,4,297~5,7,297
7,2,30~9,2,30
0,6,26~2,6,26
2,4,239~3,4,239
1,0,234~2,0,234
2,7,291~2,7,292
9,3,2~9,6,2
6,0,54~6,2,54
4,4,101~4,5,101
3,4,39~3,5,39
1,4,56~1,7,56
5,2,97~7,2,97
9,2,33~9,2,33
2,7,2~2,9,2
0,0,159~0,2,159
4,2,250~6,2,250
5,2,26~8,2,26
3,7,141~3,9,141
6,6,124~7,6,124
3,4,250~3,6,250
6,2,304~8,2,304
0,0,163~2,0,163
5,6,240~5,8,240
0,3,167~2,3,167
6,6,67~7,6,67
4,6,57~4,7,57
3,7,3~5,7,3
4,0,207~4,2,207
9,1,174~9,5,174
2,4,272~4,4,272
5,1,87~7,1,87
3,9,99~4,9,99
3,7,327~4,7,327
1,7,258~1,9,258
2,0,115~3,0,115
5,9,152~8,9,152
1,4,44~1,6,44
9,2,111~9,4,111
5,6,77~9,6,77
2,1,322~2,2,322
8,0,233~8,2,233
2,3,320~4,3,320
4,7,258~4,9,258
2,4,240~5,4,240
2,4,285~5,4,285
3,7,264~3,9,264
5,6,45~5,9,45
1,5,93~1,7,93
9,3,131~9,5,131
2,3,89~2,6,89
4,0,23~4,2,23
8,6,14~8,6,17
3,5,285~3,7,285
2,6,80~2,9,80
3,4,43~5,4,43
5,8,234~8,8,234
8,3,299~8,5,299
0,0,201~0,2,201
4,7,225~4,9,225
5,6,85~6,6,85
5,1,67~7,1,67
9,3,231~9,4,231
0,4,177~0,6,177
4,6,36~4,6,39
9,4,66~9,5,66
6,5,174~6,6,174
8,1,196~8,2,196
0,5,100~0,7,100
3,2,300~3,5,300
0,6,94~0,6,97
5,5,186~7,5,186
0,5,31~0,8,31
5,4,281~5,7,281
5,4,167~7,4,167
6,8,93~8,8,93
2,2,77~2,2,80
9,2,180~9,5,180
4,1,328~4,1,328
5,5,46~5,8,46
6,0,199~6,2,199
5,9,219~5,9,222
0,6,5~0,9,5
8,4,218~8,6,218
4,7,113~5,7,113
6,3,335~9,3,335
4,4,125~7,4,125
6,9,16~9,9,16
7,2,235~9,2,235
0,4,64~0,6,64
3,6,282~6,6,282
9,7,293~9,7,295
8,2,197~9,2,197
5,0,144~5,2,144
6,9,55~7,9,55
3,2,303~4,2,303
9,6,140~9,8,140
1,1,126~1,2,126
9,0,157~9,2,157
1,0,3~1,2,3
4,6,325~4,7,325
8,0,121~9,0,121
5,8,37~9,8,37
7,1,19~9,1,19
3,3,35~5,3,35
5,5,246~5,7,246
3,3,297~3,6,297
6,6,2~7,6,2
1,7,153~1,8,153
7,6,218~7,7,218
3,7,93~3,9,93
9,0,158~9,2,158
6,1,291~6,4,291
0,0,189~0,1,189
0,5,313~1,5,313
0,1,162~2,1,162
0,7,215~2,7,215
5,8,146~6,8,146
6,0,28~6,2,28
1,6,5~1,6,7
4,8,4~6,8,4
2,6,261~2,8,261
0,2,165~0,4,165
9,2,71~9,4,71
5,4,56~9,4,56
6,0,163~6,1,163
5,2,25~5,6,25
0,3,74~2,3,74
5,4,272~5,8,272
1,6,19~3,6,19
5,6,35~5,9,35
9,3,110~9,6,110
1,0,6~3,0,6
6,4,74~6,6,74
1,8,26~1,8,26
9,1,191~9,1,192
1,3,202~3,3,202
4,3,153~5,3,153
5,6,161~7,6,161
4,0,321~6,0,321
8,5,105~8,8,105
6,2,51~8,2,51
0,0,237~3,0,237
3,0,110~3,2,110
5,4,195~7,4,195
3,4,49~6,4,49
2,2,245~2,4,245
1,6,124~3,6,124
5,4,313~5,7,313
2,2,232~2,5,232
5,9,177~8,9,177
4,5,273~5,5,273
5,0,147~6,0,147
7,7,313~8,7,313
3,9,9~4,9,9
8,7,157~8,9,157
3,1,315~6,1,315
5,7,318~5,7,322
6,6,169~6,6,170
9,1,156~9,2,156
5,7,323~5,9,323
6,0,235~9,0,235
4,7,334~5,7,334
1,2,158~1,5,158
3,4,69~6,4,69
3,5,137~5,5,137
7,8,187~8,8,187
7,1,326~9,1,326
0,4,187~2,4,187
3,5,302~3,7,302
4,5,78~6,5,78
8,4,269~8,7,269
2,9,107~2,9,108
5,1,338~5,4,338
6,1,321~8,1,321
2,7,102~2,9,102
7,3,207~7,3,208
5,4,38~5,6,38
0,2,207~0,2,209
7,7,184~9,7,184
3,7,173~5,7,173
3,2,332~3,5,332
1,2,33~2,2,33
2,5,16~2,5,19
3,7,194~6,7,194
4,7,256~4,9,256
0,4,112~1,4,112
0,3,72~0,5,72
7,7,289~7,9,289
0,0,23~0,2,23
7,4,226~7,7,226
3,3,158~3,4,158
0,7,81~2,7,81
2,7,221~2,8,221
9,7,67~9,7,69
9,2,212~9,5,212
4,3,169~4,5,169
2,6,266~2,8,266
0,6,105~0,8,105
6,7,150~6,9,150
6,6,227~6,7,227
3,1,291~3,3,291
2,5,341~2,8,341
1,4,339~1,6,339
4,3,1~6,3,1
6,5,153~8,5,153
3,1,158~5,1,158
2,4,8~2,5,8
6,4,29~8,4,29
8,4,258~8,8,258
8,4,156~8,8,156
2,5,259~5,5,259
5,5,283~7,5,283
6,4,38~6,4,40
1,9,229~1,9,229
0,1,88~0,3,88
1,6,59~1,8,59
1,1,339~1,3,339
3,2,55~5,2,55
5,9,94~8,9,94
6,3,321~6,4,321
7,8,10~7,9,10
4,4,63~6,4,63
6,4,81~6,6,81
7,1,130~7,2,130
4,9,189~7,9,189
5,3,33~6,3,33
5,7,101~8,7,101
0,9,169~3,9,169
6,0,288~6,2,288
1,1,205~4,1,205
6,5,318~6,6,318
0,9,198~2,9,198
9,1,76~9,4,76
1,4,230~1,5,230
8,4,253~8,6,253
6,5,50~9,5,50
9,2,5~9,4,5
9,1,323~9,3,323
5,6,88~5,8,88
1,1,322~1,4,322
0,1,156~3,1,156
6,3,73~8,3,73
3,4,120~3,7,120
5,4,288~5,4,290
2,4,103~5,4,103
0,9,11~2,9,11
9,5,291~9,7,291
6,5,95~6,5,97
2,1,87~4,1,87
3,5,177~3,7,177
6,7,56~6,9,56
1,1,204~3,1,204
6,1,216~9,1,216
6,8,244~9,8,244
2,0,189~2,0,189
1,4,319~1,4,321
7,2,19~9,2,19
1,2,28~3,2,28
9,0,130~9,2,130
1,7,19~3,7,19
2,2,323~2,4,323
3,2,2~3,5,2
3,7,23~3,7,25
6,3,201~9,3,201
5,5,276~5,6,276
4,0,150~4,2,150
2,7,99~4,7,99
8,3,303~8,6,303
5,0,13~5,1,13
4,0,77~4,3,77
5,3,243~5,4,243
0,6,269~0,9,269
1,4,159~1,5,159
5,4,104~7,4,104
5,4,300~6,4,300
0,7,83~0,7,85
3,1,68~5,1,68
7,0,258~7,2,258
1,4,111~3,4,111
4,4,258~4,6,258
4,0,142~4,2,142
0,3,268~0,3,268
6,9,17~8,9,17
4,7,312~7,7,312
7,2,62~9,2,62
3,2,162~6,2,162
1,5,55~3,5,55
1,3,7~1,5,7
0,6,208~0,8,208
0,2,6~1,2,6
5,5,160~7,5,160
0,4,247~3,4,247
6,1,65~6,4,65
8,5,132~8,8,132
0,6,134~2,6,134
1,0,203~4,0,203
6,1,27~9,1,27
2,2,314~5,2,314
1,7,195~4,7,195
7,6,48~7,8,48
4,3,115~8,3,115
2,7,212~2,8,212
6,7,215~8,7,215
9,7,120~9,9,120
0,0,34~0,3,34
5,6,237~8,6,237
0,2,319~2,2,319
9,8,41~9,9,41
5,8,231~7,8,231
5,6,196~7,6,196
2,6,216~2,7,216
0,4,270~0,6,270
1,0,221~3,0,221
4,6,32~6,6,32
4,2,236~6,2,236
0,6,58~0,6,62
5,4,184~5,7,184
9,5,107~9,5,108
8,1,31~8,1,32
4,1,331~6,1,331
3,9,327~5,9,327
1,4,235~1,6,235
3,1,196~4,1,196
7,6,159~9,6,159
9,7,129~9,9,129
3,6,153~3,9,153
3,4,157~3,8,157
8,0,276~8,0,276
4,2,148~4,5,148
7,4,182~7,6,182
2,6,48~5,6,48
3,9,281~6,9,281
9,4,250~9,7,250
4,9,228~7,9,228
1,7,101~1,7,102
9,1,270~9,4,270
5,2,190~5,2,191
3,4,28~6,4,28
5,6,58~5,7,58
2,0,9~2,2,9
7,5,181~7,7,181
5,4,66~7,4,66
3,7,97~3,8,97
9,7,302~9,7,305
9,3,80~9,3,82
5,6,315~5,6,315
4,5,208~4,5,209
2,9,174~3,9,174
5,2,124~5,5,124
6,0,166~8,0,166
2,3,287~2,4,287
7,6,171~7,8,171
5,5,53~6,5,53
5,0,242~7,0,242
5,5,98~5,7,98
7,8,200~9,8,200
0,0,50~0,2,50
8,2,4~8,3,4
7,5,266~9,5,266
1,4,2~2,4,2
1,6,99~1,8,99
6,2,140~7,2,140
1,0,77~1,3,77
2,7,257~2,8,257
2,3,271~5,3,271
1,0,297~3,0,297
0,0,10~3,0,10
5,2,249~5,4,249
9,2,84~9,4,84
4,9,96~5,9,96
3,0,183~3,2,183
6,2,84~6,3,84
2,9,216~5,9,216
1,5,174~3,5,174
3,5,71~3,8,71
3,7,28~3,7,28
7,9,291~7,9,293
7,5,106~7,5,106
6,6,164~6,6,166
9,7,119~9,9,119
0,6,322~2,6,322
2,6,165~2,8,165
4,3,225~4,3,227
7,7,175~7,9,175
5,0,2~7,0,2
9,0,42~9,2,42
2,1,85~6,1,85
3,0,275~3,3,275
1,1,34~1,4,34
1,0,189~1,3,189
6,2,218~9,2,218
0,7,338~2,7,338
0,5,220~0,7,220
7,5,120~9,5,120
8,1,98~8,4,98
1,4,115~1,5,115
1,3,323~1,6,323
4,1,25~7,1,25
9,7,186~9,8,186
1,0,119~3,0,119
2,3,134~2,5,134
2,1,167~2,2,167
4,2,319~4,2,319
3,4,123~5,4,123
9,2,63~9,5,63
0,5,178~0,6,178
9,0,186~9,1,186
6,1,95~6,3,95
0,0,241~3,0,241
4,6,163~4,8,163
6,5,3~6,5,6
0,4,255~3,4,255
0,1,247~1,1,247
2,7,163~2,9,163
0,2,164~2,2,164
9,2,21~9,4,21
4,1,11~6,1,11
7,1,188~9,1,188
6,2,181~6,4,181
2,2,141~2,4,141
2,6,57~2,9,57
7,3,180~7,5,180
0,5,175~2,5,175
9,0,78~9,2,78
4,3,202~6,3,202
8,7,112~8,9,112
9,1,196~9,1,199
5,3,191~6,3,191
8,7,3~8,7,5
2,2,246~3,2,246
6,1,334~6,3,334
8,4,122~8,6,122
9,2,39~9,3,39
6,5,148~6,6,148
6,6,241~6,9,241
1,3,141~1,5,141
7,1,127~9,1,127
0,6,103~0,7,103
6,8,318~8,8,318
8,1,231~8,3,231
0,2,120~3,2,120
4,2,152~6,2,152
0,4,66~2,4,66
0,1,123~0,5,123
5,0,316~5,1,316
8,1,191~8,1,193
7,5,68~9,5,68
7,0,18~7,3,18
7,1,21~7,3,21
0,7,82~1,7,82
1,7,87~1,9,87
9,5,64~9,8,64
9,0,181~9,4,181
7,8,161~7,8,163
5,2,155~9,2,155
8,7,14~8,9,14
3,3,192~5,3,192
0,2,91~0,4,91
0,1,48~2,1,48
8,4,13~8,7,13
9,6,11~9,8,11
1,5,258~3,5,258
4,3,91~4,5,91
9,4,123~9,6,123
2,2,51~4,2,51
5,2,322~7,2,322
2,8,262~2,9,262
8,7,308~9,7,308
1,7,198~1,8,198
3,8,183~6,8,183
5,2,100~6,2,100
7,4,68~9,4,68
6,4,60~6,4,60
7,8,7~9,8,7
1,6,43~1,8,43
4,8,336~6,8,336
3,4,104~3,5,104
2,3,179~4,3,179
6,3,185~6,4,185
3,5,75~3,6,75
0,1,292~3,1,292
7,6,311~8,6,311
6,4,145~8,4,145
6,4,14~9,4,14
3,0,42~3,0,44
4,7,153~6,7,153
4,4,219~4,7,219
6,2,137~6,4,137
2,9,135~4,9,135
8,1,95~8,3,95
2,3,59~3,3,59
3,6,222~5,6,222
9,2,87~9,3,87
4,1,160~7,1,160
8,2,234~9,2,234
4,7,166~4,9,166
3,1,332~4,1,332
0,5,261~0,8,261
1,6,151~1,6,151
2,7,309~4,7,309
8,2,175~8,4,175
4,7,223~5,7,223
5,4,314~5,5,314
8,3,208~8,5,208
6,3,155~6,5,155
2,5,311~2,7,311
0,3,251~0,5,251
4,6,27~7,6,27
3,2,164~3,3,164
3,6,74~3,8,74
4,1,325~4,3,325
3,5,316~3,8,316
5,0,237~5,2,237
2,4,266~5,4,266
2,1,7~2,2,7
4,4,172~4,4,174
2,1,145~4,1,145
3,2,54~5,2,54
1,7,294~4,7,294
2,4,88~5,4,88
4,7,215~4,9,215
7,7,13~7,8,13
4,3,54~4,4,54
9,7,72~9,9,72
0,3,32~0,4,32
1,8,184~2,8,184
3,3,321~3,5,321
9,5,217~9,8,217
0,5,74~1,5,74
3,0,45~5,0,45
5,3,179~7,3,179
3,3,331~6,3,331
1,2,104~1,3,104
1,8,238~4,8,238
5,3,140~5,4,140
1,4,82~1,6,82
8,6,202~8,9,202
1,3,150~2,3,150
0,4,171~2,4,171
5,5,94~5,7,94
8,8,319~8,9,319
0,0,12~0,1,12
6,6,30~7,6,30
7,0,182~9,0,182
5,9,278~6,9,278
6,0,126~8,0,126
3,8,96~5,8,96
7,1,275~9,1,275
1,4,152~3,4,152
1,0,200~1,2,200
6,4,250~8,4,250
3,5,206~4,5,206
7,3,22~9,3,22
7,2,324~7,5,324
7,3,170~7,6,170
3,4,90~5,4,90
7,6,8~7,6,11
3,2,222~3,4,222
6,8,285~8,8,285
4,9,4~4,9,6
1,5,265~1,8,265
7,4,61~7,5,61
4,5,255~4,7,255
8,4,217~8,7,217
9,0,215~9,2,215
6,2,192~7,2,192
8,4,114~8,7,114
3,3,103~3,3,105
3,0,24~4,0,24
5,7,8~5,9,8
1,9,170~1,9,172
6,2,194~6,3,194
0,1,147~2,1,147
4,7,213~6,7,213
7,2,183~9,2,183
1,7,27~1,8,27
1,8,24~2,8,24
6,6,188~6,8,188
8,3,207~8,4,207
1,7,225~1,9,225
9,1,195~9,5,195
1,1,90~4,1,90
0,1,264~3,1,264
2,6,344~2,7,344
8,7,189~8,9,189
8,3,256~8,5,256
6,5,109~6,5,110
1,4,138~2,4,138
0,7,335~3,7,335
2,4,257~2,5,257
7,8,146~9,8,146
1,2,82~2,2,82
8,2,101~8,4,101
3,5,111~4,5,111
2,1,236~2,3,236
0,4,225~3,4,225
3,1,238~3,3,238
6,1,301~6,4,301
0,7,140~0,7,141
8,3,117~8,4,117
2,1,274~2,1,275
6,4,206~8,4,206
5,7,275~5,9,275
6,4,265~8,4,265
3,0,157~3,2,157
1,5,234~3,5,234
6,7,121~8,7,121
3,3,110~3,6,110
1,4,265~3,4,265
1,3,155~1,5,155
5,1,319~6,1,319
4,1,17~4,3,17
3,7,75~3,7,78
5,5,115~5,7,115
4,8,97~6,8,97
6,6,96~6,8,96
8,9,204~8,9,207
7,4,44~7,7,44